1568127509.533566
193550776340185088|sjslapshot|2782026.9126031995|1567817096.091886|46|8
219324654290993153|LuxuFate|2776723.731588006|1568127618.9339762|167|2
137016970917707776|Soap|2600183.6182014495|1568149109.533566|202|8
297971074518351872|Tropic Mango|1526269.0|1568125918.462958|117|1
236279950259257345|Kitoaka|1090107.0|1568119990.649326|90|3
585607406143406080|halfemptygirl|826690.0|1568094153.7202141|68|1
500656746440949761|PandaDriver.BOSS|353119.0|1567309335.518445|26|1
195755433766420480|Porolific|169936.0|1568126347.286583|155|8
303732162539159552|That One Wandering Weirdo|169617.0|1567936817.135633|15|6
158019287020208129|DontForgetPepper|149065.0|1566107977.4132428|21|3
186208659221643264|hecc off|128227.0|1568147747.84235|88|8
241766036444151808|plusqwerty|105931.0|1567760479.955671|5|7
368736203165663242|Adohiro|98144.0|1565583689.631465|7|5
123460317463183363|Spooky|95037.0|1565811859.913549|8|5
192144504998854658|nolo|87567.0|1568118297.796044|111|8
417240881419124737|Eisbrecher|58704.0|1567976809.088817|15|1
337116959433031681|eixn|26632.0|1563891265.7392352|4|5
543607340843270163|Ghetto Chikka â™¡|19872.0|1565359540.78026|3|7
509456861196713985|Crypto|7242.0|1567169950.435377|2|1
182707904367820800|Ajisoo|0.0|1567814111.495075|41|8
225822313550053376|Tatrinpaha|0.0|1567752853.124445|46|8
205680187394752512|Xignotic|0.0|1561475772.477715|0|2
117388990729945096|Shadowhelm|0.0|1567965949.509797|33|8
584586367200395373|Zen|0.0|0.0|0|3
593100232376582145|Piotr2001PL|0.0|1564684374.527061|3|8
548356121040257064|Limegreenguy|0.0|1566711933.996295|28|8
317682879767248897|Napitu|0.0|1564940331.606081|1|8
280724633706037250|Titamik|0.0|1564940391.521284|0|5
167090536602140682|Whispyr|0.0|1566383492.177655|4|8
452257118763089920|ã‚·ğ™°ğš’ğšğšŠğš—~ğš‚ğšğš—ğš™ğšŠğš’ã‚·|0.0|1566009920.234112|0|5
359528106068934677|innocentbystander|0.0|1568100094.686997|5|8
250769290758717441|Tired|0.0|1567226662.300998|1|8