1576633924.4697752
158019287020208129|DontForgetPepper|1944636|1576616848.985835|30|1
186208659221643264|hecc off|1935346|1576664407.9435909|135|1
359528106068934677|innocentbystander|1840195|1576634211.43893|138|1
585607406143406080|halfemptygirl|1444594|1576553183.609757|165|9
195755433766420480|Porolific|1377493|1576541699.127599|18|11
219324654290993153|LuxuFate|1330020|1576478949.081772|65|11
297971074518351872|Tropic Mango|1266537|1576655524.4697752|146|9
117388990729945096|Shadowhelm|1182626|1576426733.3289442|16|11
137016970917707776|Soap|853484|1576351020.313747|79|11
241766036444151808|plusqwerty|373895|1576653742.545438|57|7
417240881419124737|Eisbrecher|252647|1574933793.531491|32|1
303732162539159552|Wander, Goddess of Carrots|231872|1576141477.1708071|35|6
500656746440949761|PandaDriver|227597|1576278431.854273|23|1
123460317463183363|Spooky|208919|1573280352.379037|2|11
192144504998854658|nolo|146258|1576375793.9463859|85|8
225822313550053376|Tatrinpaha|82233|1576488899.0826461|38|8
112048438257938432|Sakura Miinlojhs|17932|1576415227.067759|2|5
331677911407132672|CrazyCola75|16517|1570817466.2005491|2|1
326732694740533258|REKTby_thuja|10594|1569687826.16209|1|5
509456861196713985|Crypto|8238|1574866974.324827|2|1
548356121040257064|Limegreenguy|6551|1574381847.956863|5|8
478700503031742466|Nee-san|1129|1572033733.939105|1|6
193550776340185088|sjslapshot|348|1568527553.731595|1|8